[[0.0, 14.18908616153383, 14.926064931374313, 14.442909756827909, 12.92634128720448, 15.20777142962897, 11.237507492105172, 15.154166006902718, 11.623089585758244, 12.658650519078513, 11.949894319724056, 13.184590459063784, 13.342473667163272, 11.665445393293636, 12.38377946724867, 16.21235906101973, 11.180857508359416, 10.873253657053061, 15.58618902303844, 14.312177438525522, 13.548811556449959, 12.975773756014725, 12.700991599167043, 14.924846833330045, 9.33119711171054, 13.088255274263215, 11.201445610013836, 12.204040598257066, 13.38103204102139, 11.485572058923418, 9.114992823706405, 11.32495078645508, 13.383995337417865, 11.385963025520676, 12.564884820594052],[14.18908616153383, 0.0, 18.58051610256677, 20.8474381908249, 16.034944796924528, 19.39025979934155, 10.55158259298879, 16.769572094018557, 10.54490803220044, 11.788508567567087, 16.72395502091599, 11.639626959686574, 15.861546340070847, 8.990130090511508, 14.35413854424861, 15.490511030833844, 11.118962193750633, 8.084786590621963, 17.582582915221508, 19.221664227994523, 14.159364368298966, 13.613863840943274, 9.378089956006324, 13.291235677420554, 7.6062683360113335, 10.959956447618778, 9.348699649854716, 11.622033242374616, 11.796740261500293, 10.594260426823572, 7.99773460041569, 10.263000524538056, 12.465706643583108, 9.917487761078286, 11.211930474418978],[14.926064931374313, 18.58051610256677, 0.0, 17.775776691577263, 15.429061181220437, 21.103380355833426, 11.986030470535361, 19.462987023033385, 12.36682356541678, 13.366621600670374, 15.089636372919646, 12.884520763343497, 15.75473951565411, 10.499113910151618, 14.157755882007867, 16.976299083990806, 12.173507749752826, 9.479367340955335, 18.2376692945546, 18.83448772584255, 15.335738777567812, 14.346552754494095, 10.765283020690052, 13.765185850443729, 9.055336928295054, 11.760282585280974, 10.788995249011624, 13.365782908778773, 14.074677256660348, 11.794322437486874, 9.328489447764728, 11.612434751394504, 13.580397631907747, 11.681968447023241, 12.776247697440898],[14.442909756827909, 20.8474381908249, 17.775776691577263, 0.0, 15.851566214765306, 17.44976194100693, 10.134065703854622, 15.476435683938352, 10.045069949061158, 11.25130596130978, 15.79737352138335, 11.315979824170183, 15.111104926760916, 8.764864658582539, 13.676933703507883, 14.6999204393034, 10.575309332935493, 7.8794908540260336, 16.456593116570616, 17.627977149977898, 13.528320959804496, 13.291468921225205, 9.188750787087384, 13.168087332469284, 7.365404143171286, 10.951177520525103, 8.989883435579815, 10.948877605974817, 11.275738558447376, 10.080471910476017, 7.660050918264364, 9.798023047139042, 12.239359166290225, 9.529995645190686, 10.840638142410231],[12.92634128720448, 16.034944796924528, 15.429061181220437, 15.851566214765306, 0.0, 15.339711732653168, 10.028953563696994, 14.52867728388237, 9.806522970987952, 10.84708002421545, 15.416912124358667, 10.751972820628037, 13.559575832030426, 8.586244058945411, 12.768998455118743, 13.625307230017963, 10.342087787251375, 7.90052630487108, 14.334898602680106, 15.57716693131201, 12.687381192598133, 12.310475353919985, 8.891969130859522, 12.348774055101417, 7.313313805574435, 10.179655537521558, 8.916883846299138, 10.755933412456196, 10.99883055302721, 10.122765417653811, 7.757355322135117, 9.511372422631169, 11.39724101765189, 9.307648677939632, 10.347617575209858],[15.20777142962897, 19.39025979934155, 21.103380355833426, 17.44976194100693, 15.339711732653168, 0.0, 11.936947437120157, 19.53295544390472, 12.379739034049013, 13.306840393015582, 15.388814116800463, 13.154122615025692, 15.854018017603785, 10.619452171475324, 14.665077328043822, 17.718801623672835, 12.248615403482626, 9.591981104960245, 19.04492081993016, 18.951780440193772, 15.557932713761351, 14.336548606875096, 11.020200562881806, 14.067615623249603, 8.99761743629226, 12.186396590605082, 10.966785753335692, 13.58011149404625, 13.96477146780738, 12.110385042387577, 9.323633906412804, 11.859624938644762, 13.981710570355661, 11.722539635323383, 12.918446625009253],[11.237507492105172, 10.55158259298879, 11.986030470535361, 10.134065703854622, 10.028953563696994, 11.936947437120157, 0.0, 12.252955765454256, 12.342150531158138, 14.251430141935632, 10.379037431394336, 10.720950999533095, 10.181667773722403, 10.701361259019304, 9.902698370977227, 12.219667615113934, 13.626506161094056, 10.38717845299086, 12.06651273085993, 11.089230938590235, 11.008963554824046, 11.597037820702738, 10.362645962569841, 11.025652206482341, 11.134256688707216, 9.69319053954885, 10.258297016697409, 11.603387967444078, 12.833961818105578, 10.103123898487576, 11.093974328925047, 10.496085581262061, 10.23399371568432, 11.632267716065492, 11.064452983325861],[15.154166006902718, 16.769572094018557, 19.462987023033385, 15.476435683938352, 14.52867728388237, 19.53295544390472, 12.252955765454256, 0.0, 12.95140676200123, 13.974633692186904, 14.205218435843754, 13.680906904762933, 15.718258518498985, 11.420152470269693, 14.183872452610135, 18.246981715614425, 12.488609099662494, 10.210721959732812, 18.542077743731838, 17.935257727586595, 15.830968864476072, 14.310840919822787, 11.55871132689649, 14.259713818428585, 9.555191854127525, 12.21157622104585, 11.753081940066563, 14.011414056441065, 14.984766527307183, 12.625268284599754, 9.63857012581544, 12.205952003400139, 13.803977775667498, 12.275810419047705, 13.167457774963507],[11.623089585758244, 10.54490803220044, 12.36682356541678, 10.045069949061158, 9.806522970987952, 12.379739034049013, 12.342150531158138, 12.95140676200123, 0.0, 12.610283147141326, 9.780441701524925, 12.319730807522145, 10.911895787652597, 12.546402850240373, 11.4384420581829, 13.09889278256794, 12.898745280264245, 12.495466151584285, 12.28215010918899, 11.218650205217592, 11.456407767294861, 10.767263697635435, 11.935171058231113, 11.204563722385277, 11.26137274430011, 10.337082064087458, 11.909763678795045, 14.281860780755153, 13.663365154649906, 11.893286823148868, 11.967373330285426, 13.479243516486175, 11.164318246568428, 13.321773099568688, 12.564286932406523],[12.658650519078513, 11.788508567567087, 13.366621600670374, 11.25130596130978, 10.84708002421545, 13.306840393015582, 14.251430141935632, 13.974633692186904, 12.610283147141326, 0.0, 11.488920578786129, 11.197523280355528, 11.756586476930252, 11.043651156809691, 11.26968122310274, 13.66513899494906, 13.047732667327542, 10.532335643815227, 13.2521813117838, 12.485133629486844, 12.690225237855257, 12.98818166868971, 10.79991343463539, 12.77907985473923, 10.493866668531723, 10.232235984369094, 11.338362450747413, 12.23215227632772, 13.21326278074034, 11.551685193248126, 9.795979422837588, 10.644606270108415, 10.469543351912147, 11.23132524546348, 10.878438369760104],[11.949894319724056, 16.72395502091599, 15.089636372919646, 15.79737352138335, 15.416912124358667, 15.388814116800463, 10.379037431394336, 14.205218435843754, 9.780441701524925, 11.488920578786129, 0.0, 10.283584416845475, 13.491045729526467, 8.067026007865978, 12.739511176931796, 13.510764682928931, 11.20577032617157, 7.28010381551856, 14.272858378591218, 15.468986245772285, 12.513572844501313, 12.545325852615532, 8.182785019378668, 11.983783484831678, 7.161399218847854, 9.513056799365742, 8.492114376957108, 10.308186956083238, 10.454695324672985, 9.674960633032004, 7.584117947838605, 9.039898454916337, 10.479383898354895, 9.012370803666393, 9.777202403791884],[13.184590459063784, 11.639626959686574, 12.884520763343497, 11.315979824170183, 10.751972820628037, 13.154122615025692, 10.720950999533095, 13.680906904762933, 12.319730807522145, 11.197523280355528, 10.283584416845475, 0.0, 11.08948267104414, 12.613301410676971, 10.825783770479715, 13.719129212121102, 10.734444667434886, 10.633142533153334, 13.153389720325263, 11.971777050402139, 11.826062939988827, 10.595299980146383, 12.874634001505385, 10.618311413354903, 9.864299947568465, 11.730143018321844, 11.189485225478414, 12.555055455828887, 13.4611786632294, 10.637399647145573, 10.212728280895213, 13.693155615058743, 14.490450500413484, 13.609996904435889, 14.099690227801675],[13.342473667163272, 15.861546340070847, 15.75473951565411, 15.111104926760916, 13.559575832030426, 15.854018017603785, 10.181667773722403, 15.718258518498985, 10.911895787652597, 11.756586476930252, 13.491045729526467, 11.08948267104414, 0.0, 9.62943005995171, 16.07569840069836, 15.455539788580504, 10.54947106803718, 8.874263973112203, 15.514064539403002, 16.091020694251355, 14.706436490420913, 14.040714616877496, 9.80503410807531, 14.254098097812184, 7.676334446510142, 11.184736583892596, 10.572617822057598, 12.00397213023665, 11.782181069017724, 12.657931187900562, 7.704478355563705, 10.473737656493444, 11.316624734165341, 9.587702964228777, 10.54686066386697],[11.665445393293636, 8.990130090511508, 10.499113910151618, 8.764864658582539, 8.586244058945411, 10.619452171475324, 10.701361259019304, 11.420152470269693, 12.546402850240373, 11.043651156809691, 8.067026007865978, 12.613301410676971, 9.62943005995171, 0.0, 9.61563875602038, 12.082590673996659, 9.85811118487771, 15.102261355720563, 11.012708417974789, 9.55963521046704, 11.496283297055738, 10.42620367748604, 15.872532054521418, 10.559378640453755, 12.673955798090246, 12.216502970561859, 15.084880337837497, 12.612973119172965, 13.534123173116877, 12.251819622793175, 11.291840973186781, 12.53799680823948, 11.629655454496174, 13.737201486714923, 12.751524874317086],[12.38377946724867, 14.35413854424861, 14.157755882007867, 13.676933703507883, 12.768998455118743, 14.665077328043822, 9.902698370977227, 14.183872452610135, 11.4384420581829, 11.26968122310274, 12.739511176931796, 10.825783770479715, 16.07569840069836, 9.61563875602038, 0.0, 14.724445146543182, 10.263133571547247, 9.12937810556256, 14.589091398959013, 14.624038847367418, 13.650473115047193, 12.930103477857362, 9.58143692217494, 13.964031063057817, 7.539243032594184, 10.595066344583994, 10.441662229061384, 12.14739422933891, 11.145897803664171, 12.823304619605182, 7.764354293556172, 10.6960038598589, 10.585330168938164, 9.419397132295776, 10.301463033309862],[16.21235906101973, 15.490511030833844, 16.976299083990806, 14.6999204393034, 13.625307230017963, 17.718801623672835, 12.219667615113934, 18.246981715614425, 13.09889278256794, 13.66513899494906, 13.510764682928931, 13.719129212121102, 15.455539788580504, 12.082590673996659, 14.724445146543182, 0.0, 12.2023490913688, 10.84470422819763, 17.73802666804125, 16.516995975498055, 15.680635330748224, 14.568088693190138, 12.22814669781081, 15.523687757925657, 9.585219809258845, 12.941560432758072, 12.243039493535113, 13.372957647005334, 14.308143237482927, 13.077273718721889, 9.43882956871599, 12.249068137986432, 13.443773710385054, 12.074454546793094, 12.88383376136554],[11.180857508359416, 11.118962193750633, 12.173507749752826, 10.575309332935493, 10.342087787251375, 12.248615403482626, 13.626506161094056, 12.488609099662494, 12.898745280264245, 13.047732667327542, 11.20577032617157, 10.734444667434886, 10.54947106803718, 9.85811118487771, 10.263133571547247, 12.2023490913688, 0.0, 9.701217271856736, 12.182325746008138, 11.3169169756973, 10.633021735547716, 10.727899995284503, 9.627842183696572, 10.84018733202208, 10.342844735880801, 9.094963842361004, 9.306065196766454, 12.206827600686026, 12.047271590328862, 9.655177596538579, 11.434397456665495, 10.78213844985392, 9.954108855944, 11.448326828936125, 11.067446139727824],[10.873253657053061, 8.084786590621963, 9.479367340955335, 7.8794908540260336, 7.90052630487108, 9.591981104960245, 10.38717845299086, 10.210721959732812, 12.495466151584285, 10.532335643815227, 7.28010381551856, 10.633142533153334, 8.874263973112203, 15.102261355720563, 9.12937810556256, 10.84470422819763, 9.701217271856736, 0.0, 10.229325076516268, 8.776421909656905, 10.133597884912247, 9.43499669587481, 15.377250798167852, 10.297153281743887, 12.959187777585043, 10.808609940492381, 13.991102741997366, 12.422238810875154, 12.975330928891584, 11.829304180171349, 11.759616149657406, 11.880128187746088, 10.337718476337221, 12.923277303958958, 11.873982751202302],[15.58618902303844, 17.582582915221508, 18.2376692945546, 16.456593116570616, 14.334898602680106, 19.04492081993016, 12.06651273085993, 18.542077743731838, 12.28215010918899, 13.2521813117838, 14.272858378591218, 13.153389720325263, 15.514064539403002, 11.012708417974789, 14.589091398959013, 17.73802666804125, 12.182325746008138, 10.229325076516268, 0.0, 18.65469139665659, 16.236137870742294, 14.987460752221901, 11.621566077134311, 14.827728192991538, 9.376527616703854, 12.796541877172363, 11.419619713080722, 13.601408030243578, 14.642982865349579, 12.095636987679638, 9.428441445655212, 11.773731914407486, 14.159317301602297, 12.152384982141132, 13.246399140107263],[14.312177438525522, 19.221664227994523, 18.83448772584255, 17.627977149977898, 15.57716693131201, 18.951780440193772, 11.089230938590235, 17.935257727586595, 11.218650205217592, 12.485133629486844, 15.468986245772285, 11.971777050402139, 16.091020694251355, 9.55963521046704, 14.624038847367418, 16.516995975498055, 11.3169169756973, 8.776421909656905, 18.65469139665659, 0.0, 15.552302542966657, 14.455582885116645, 9.99326238800236, 14.453375178215088, 8.151531809795344, 11.148789012278797, 9.960388061228745, 12.114099319349663, 12.82979481813449, 11.152475544157628, 8.272914227319419, 10.645872328369387, 12.71336439142274, 10.493847010246293, 11.692636206137044],[13.548811556449959, 14.159364368298966, 15.335738777567812, 13.528320959804496, 12.687381192598133, 15.557932713761351, 11.008963554824046, 15.830968864476072, 11.456407767294861, 12.690225237855257, 12.513572844501313, 11.826062939988827, 14.706436490420913, 11.496283297055738, 13.650473115047193, 15.680635330748224, 10.633021735547716, 10.133597884912247, 16.236137870742294, 15.552302542966657, 0.0, 18.591863018385936, 11.406685570779002, 14.322964742042295, 9.520598829706493, 13.299594918174494, 12.456177375692228, 12.653051298314754, 13.377047689316658, 13.192694417867575, 8.722006238321107, 10.702441310127908, 12.333354375841623, 11.112492773176868, 11.557373186335333],[12.975773756014725, 13.613863840943274, 14.346552754494095, 13.291468921225205, 12.310475353919985, 14.336548606875096, 11.597037820702738, 14.310840919822787, 10.767263697635435, 12.98818166868971, 12.545325852615532, 10.595299980146383, 14.040714616877496, 10.42620367748604, 12.930103477857362, 14.568088693190138, 10.727899995284503, 9.43499669587481, 14.987460752221901, 14.455582885116645, 18.591863018385936, 0.0, 10.265267584431161, 14.733199841309562, 9.114086199546115, 12.212681209747311, 11.270724262116008, 11.49798765049541, 12.156770118556008, 12.25508542316753, 8.162174838605553, 9.585711025281583, 10.810857596356131, 9.92788145966742, 10.268598009588505],[12.700991599167043, 9.378089956006324, 10.765283020690052, 9.188750787087384, 8.891969130859522, 11.020200562881806, 10.362645962569841, 11.55871132689649, 11.935171058231113, 10.79991343463539, 8.182785019378668, 12.874634001505385, 9.80503410807531, 15.872532054521418, 9.58143692217494, 12.22814669781081, 9.627842183696572, 15.377250798167852, 11.621566077134311, 9.99326238800236, 11.406685570779002, 10.265267584431161, 0.0, 10.856428006837008, 12.106023161068158, 12.640957734689168, 14.684338774595748, 12.777836906144476, 14.272157631609426, 11.884657949171276, 11.183353851054765, 12.769870142738124, 12.781141371247031, 14.54567039182777, 13.945952918999659],[14.924846833330045, 13.291235677420554, 13.765185850443729, 13.168087332469284, 12.348774055101417, 14.067615623249603, 11.025652206482341, 14.259713818428585, 11.204563722385277, 12.77907985473923, 11.983783484831678, 10.618311413354903, 14.254098097812184, 10.559378640453755, 13.964031063057817, 15.523687757925657, 10.84018733202208, 10.297153281743887, 14.827728192991538, 14.453375178215088, 14.322964742042295, 14.733199841309562, 10.856428006837008, 0.0, 8.735155977300447, 11.62815571954797, 11.162922428124372, 11.70530228612239, 12.150786299988805, 12.55845898635868, 8.128147352250565, 9.950275218881439, 10.65439875284916, 9.811296079959584, 10.349788943556177],[9.33119711171054, 7.6062683360113335, 9.055336928295054, 7.365404143171286, 7.313313805574435, 8.99761743629226, 11.134256688707216, 9.555191854127525, 11.26137274430011, 10.493866668531723, 7.161399218847854, 9.864299947568465, 7.676334446510142, 12.673955798090246, 7.539243032594184, 9.585219809258845, 10.342844735880801, 12.959187777585043, 9.376527616703854, 8.151531809795344, 9.520598829706493, 9.114086199546115, 12.106023161068158, 8.735155977300447, 0.0, 9.989963368453806, 11.270380781419691, 11.113091900565795, 12.409242505512823, 9.322163525365724, 13.10021993357692, 10.39050353359957, 9.70168784911335, 13.29597837886159, 11.367045196245227],[13.088255274263215, 10.959956447618778, 11.760282585280974, 10.951177520525103, 10.179655537521558, 12.186396590605082, 9.69319053954885, 12.21157622104585, 10.337082064087458, 10.232235984369094, 9.513056799365742, 11.730143018321844, 11.184736583892596, 12.216502970561859, 10.595066344583994, 12.941560432758072, 9.094963842361004, 10.808609940492381, 12.796541877172363, 11.148789012278797, 13.299594918174494, 12.212681209747311, 12.640957734689168, 11.62815571954797, 9.989963368453806, 0.0, 12.194882063380613, 11.253516220788295, 12.393386318798534, 11.32618886989327, 8.671991500134881, 10.666586765989036, 12.941029578051342, 11.16612470850562, 11.772774295366615],[11.201445610013836, 9.348699649854716, 10.788995249011624, 8.989883435579815, 8.916883846299138, 10.966785753335692, 10.258297016697409, 11.753081940066563, 11.909763678795045, 11.338362450747413, 8.492114376957108, 11.189485225478414, 10.572617822057598, 15.084880337837497, 10.441662229061384, 12.243039493535113, 9.306065196766454, 13.991102741997366, 11.419619713080722, 9.960388061228745, 12.456177375692228, 11.270724262116008, 14.684338774595748, 11.162922428124372, 11.270380781419691, 12.194882063380613, 0.0, 12.883213398111016, 13.45222403245307, 15.55971187932242, 9.825958174679599, 11.564516421417714, 10.905239262116948, 12.2276103214793, 11.459187407704771],[12.204040598257066, 11.622033242374616, 13.365782908778773, 10.948877605974817, 10.755933412456196, 13.58011149404625, 11.603387967444078, 14.011414056441065, 14.281860780755153, 12.23215227632772, 10.308186956083238, 12.555055455828887, 12.00397213023665, 12.612973119172965, 12.14739422933891, 13.372957647005334, 12.206827600686026, 12.422238810875154, 13.601408030243578, 12.114099319349663, 12.653051298314754, 11.49798765049541, 12.777836906144476, 11.70530228612239, 11.113091900565795, 11.253516220788295, 12.883213398111016, 0.0, 15.507010869388925, 13.770705930954675, 12.04507272439485, 13.87414411174426, 12.373027300851122, 13.742000005456315, 14.089198786270032],[13.38103204102139, 11.796740261500293, 14.074677256660348, 11.275738558447376, 10.99883055302721, 13.96477146780738, 12.833961818105578, 14.984766527307183, 13.663365154649906, 13.21326278074034, 10.454695324672985, 13.4611786632294, 11.782181069017724, 13.534123173116877, 11.145897803664171, 14.308143237482927, 12.047271590328862, 12.975330928891584, 14.642982865349579, 12.82979481813449, 13.377047689316658, 12.156770118556008, 14.272157631609426, 12.150786299988805, 12.409242505512823, 12.393386318798534, 13.45222403245307, 15.507010869388925, 0.0, 12.482531021028326, 11.796898328968178, 13.21838753711365, 14.271081496765488, 15.488114850537258, 15.668667847689019],[11.485572058923418, 10.594260426823572, 11.794322437486874, 10.080471910476017, 10.122765417653811, 12.110385042387577, 10.103123898487576, 12.625268284599754, 11.893286823148868, 11.551685193248126, 9.674960633032004, 10.637399647145573, 12.657931187900562, 12.251819622793175, 12.823304619605182, 13.077273718721889, 9.655177596538579, 11.829304180171349, 12.095636987679638, 11.152475544157628, 13.192694417867575, 12.25508542316753, 11.884657949171276, 12.55845898635868, 9.322163525365724, 11.32618886989327, 15.55971187932242, 13.770705930954675, 12.482531021028326, 0.0, 8.960561860090735, 11.4803549105879, 10.299133092897584, 10.425223327003046, 10.489552803244163],[9.114992823706405, 7.99773460041569, 9.328489447764728, 7.660050918264364, 7.757355322135117, 9.323633906412804, 11.093974328925047, 9.63857012581544, 11.967373330285426, 9.795979422837588, 7.584117947838605, 10.212728280895213, 7.704478355563705, 11.291840973186781, 7.764354293556172, 9.43882956871599, 11.434397456665495, 11.759616149657406, 9.428441445655212, 8.272914227319419, 8.722006238321107, 8.162174838605553, 11.183353851054765, 8.128147352250565, 13.10021993357692, 8.671991500134881, 9.825958174679599, 12.04507272439485, 11.796898328968178, 8.960561860090735, 0.0, 11.904640693086005, 10.131910930786294, 14.031274463752677, 12.337797580351616],[11.32495078645508, 10.263000524538056, 11.612434751394504, 9.798023047139042, 9.511372422631169, 11.859624938644762, 10.496085581262061, 12.205952003400139, 13.479243516486175, 10.644606270108415, 9.039898454916337, 13.693155615058743, 10.473737656493444, 12.53799680823948, 10.6960038598589, 12.249068137986432, 10.78213844985392, 11.880128187746088, 11.773731914407486, 10.645872328369387, 10.702441310127908, 9.585711025281583, 12.769870142738124, 9.950275218881439, 10.39050353359957, 10.666586765989036, 11.564516421417714, 13.87414411174426, 13.21838753711365, 11.4803549105879, 11.904640693086005, 0.0, 12.784203153960437, 14.022560421901545, 14.150187690449547],[13.383995337417865, 12.465706643583108, 13.580397631907747, 12.239359166290225, 11.39724101765189, 13.981710570355661, 10.23399371568432, 13.803977775667498, 11.164318246568428, 10.469543351912147, 10.479383898354895, 14.490450500413484, 11.316624734165341, 11.629655454496174, 10.585330168938164, 13.443773710385054, 9.954108855944, 10.337718476337221, 14.159317301602297, 12.71336439142274, 12.333354375841623, 10.810857596356131, 12.781141371247031, 10.65439875284916, 9.70168784911335, 12.941029578051342, 10.905239262116948, 12.373027300851122, 14.271081496765488, 10.299133092897584, 10.131910930786294, 12.784203153960437, 0.0, 14.09651538578187, 16.097509317820435],[11.385963025520676, 9.917487761078286, 11.681968447023241, 9.529995645190686, 9.307648677939632, 11.722539635323383, 11.632267716065492, 12.275810419047705, 13.321773099568688, 11.23132524546348, 9.012370803666393, 13.609996904435889, 9.587702964228777, 13.737201486714923, 9.419397132295776, 12.074454546793094, 11.448326828936125, 12.923277303958958, 12.152384982141132, 10.493847010246293, 11.112492773176868, 9.92788145966742, 14.54567039182777, 9.811296079959584, 13.29597837886159, 11.16612470850562, 12.2276103214793, 13.742000005456315, 15.488114850537258, 10.425223327003046, 14.031274463752677, 14.022560421901545, 14.09651538578187, 0.0, 17.16690431552047],[12.564884820594052, 11.211930474418978, 12.776247697440898, 10.840638142410231, 10.347617575209858, 12.918446625009253, 11.064452983325861, 13.167457774963507, 12.564286932406523, 10.878438369760104, 9.777202403791884, 14.099690227801675, 10.54686066386697, 12.751524874317086, 10.301463033309862, 12.88383376136554, 11.067446139727824, 11.873982751202302, 13.246399140107263, 11.692636206137044, 11.557373186335333, 10.268598009588505, 13.945952918999659, 10.349788943556177, 11.367045196245227, 11.772774295366615, 11.459187407704771, 14.089198786270032, 15.668667847689019, 10.489552803244163, 12.337797580351616, 14.150187690449547, 16.097509317820435, 17.16690431552047, 0.0]]